2.33111e-307  	2.33111e-307  	0  	
0  	0  	0  	
0.00183523  	-0.00154287  	0.00152119  	
0.00418596  	-0.000725494  	-0.00284656  	
0  	0  	0  	
0  	0  	0  	
0.00127262  	0.00282293  	-0.000328103  	
-0.00123373  	-0.00489369  	0.000287595  	
0  	0  	0  	
0  	0  	0  	
0.000963916  	-0.000991167  	0.00113132  	
-9.35655e-05  	0.00141042  	-0.00361837  	
0  	0  	0  	
0  	0  	0  	
0.00271476  	0.00203024  	-0.00282993  	
-0.000830457  	-0.00234399  	-0.00312881  	
0  	0  	0  	
0  	0  	0  	
-0.00199177  	-0.000133242  	-0.000166266  	
0.00024374  	0.000643256  	-0.000638676  	
0  	0  	0  	
0  	0  	0  	
0.00102194  	3.73096e-05  	1.93997e-05  	
-0.00146389  	0.000881635  	-0.00281494  	
0  	0  	0  	
0  	0  	0  	
-0.000470908  	-0.00154241  	-0.000556241  	
-0.000670126  	-0.00103649  	0.00125207  	
0  	0  	0  	
0  	0  	0  	
-0.00534228  	0.000134155  	-0.00112714  	
0.00425011  	0.00262838  	0.00222756  	
0  	0  	0  	
0  	0  	0  	
-0.00260444  	-0.000866597  	0.0010789  	
0.000522157  	0.000311267  	0.00012599  	
0  	0  	0  	
0  	0  	0  	
0.00107209  	0.00165222  	0.00175303  	
0.00212893  	0.000108872  	-0.00231421  	
0  	0  	0  	
0  	0  	0  	
-0.000629503  	0.00158498  	-0.00352152  	
0.00224854  	0.000717784  	-3.8151e-05  	
0  	0  	0  	
0  	0  	0  	
-0.00265614  	-0.000343027  	-0.00188753  	
0.00346143  	0.00103648  	0.000451426  	
0  	0  	0  	
0  	0  	0  	
0.000518107  	-0.00178158  	-0.0014136  	
0.000882923  	0.000590886  	0.000108017  	
0  	0  	0  	
0  	0  	0  	
0.0016325  	0.00150922  	0.000583718  	
0.00281196  	-0.00155195  	-0.000716839  	
0  	0  	0  	
0  	0  	0  	
0.0018888  	0.00289619  	-0.000407271  	
0.000880897  	0.00497654  	0.000676932  	
0  	0  	0  	
0  	0  	0  	
-0.000373199  	-0.000269672  	0.00340796  	
0.000833517  	0.00136926  	-0.00216869  	
0  	0  	0  	
0  	0  	0  	
3.31386e-05  	0.00106157  	0.000416611  	
-0.00076658  	-0.000652273  	-0.000383004  	
0  	0  	0  	
0  	0  	0  	
-0.000939346  	0.00101189  	0.00118483  	
-0.00178634  	0.0013781  	-0.00115369  	
0  	0  	0  	
0  	0  	0  	
0.00395889  	0.00233336  	0.00162205  	
-0.00197769  	-0.00194392  	-0.00313523  	
0  	0  	0  	
0  	0  	0  	
-0.00108065  	-0.000620145  	0.00132199  	
0.00158907  	-0.00222696  	0.00125571  	
0  	0  	0  	
0  	0  	0  	
0.000756362  	0.00256332  	-0.0020538  	
0.0030424  	0.00101638  	-0.00155519  	
0  	0  	0  	
0  	0  	0  	
-0.00239624  	-0.00241037  	0.000255326  	
-0.000965468  	-0.000443801  	-0.00162939  	
0  	0  	0  	
0  	0  	0  	
0.000205628  	0.00271066  	-0.000983253  	
0.00216617  	0.00242193  	0.00104516  	
0  	0  	0  	
0  	0  	0  	
-0.00079083  	-0.00288698  	-0.00036914  	
0.000391183  	-0.00273263  	0.00193619  	
0  	0  	0  	
0  	0  	0  	
0.00391049  	-0.000109415  	-0.000642651  	
0.00151816  	-0.00283239  	7.00478e-05  	
0  	0  	0  	
0  	0  	0  	
-2.79036e-05  	0.00220333  	-0.0016653  	
-0.00147468  	-0.00367167  	-0.00159252  	
0  	0  	0  	
0  	0  	0  	
0.000783814  	0.0023702  	0.00163476  	
-0.000137262  	-0.000785632  	0.00158323  	
0  	0  	0  	
0  	0  	0  	
0.00105821  	0.000492053  	-0.00045102  	
0.000675574  	-0.00202142  	-0.00411769  	
0  	0  	0  	
0  	0  	0  	
0.00300206  	0.00140818  	0.00254794  	
-0.00142085  	-0.000346055  	-0.0019215  	
0  	0  	0  	
0  	0  	0  	
0.00203149  	0.000431059  	-0.00166467  	
-0.000869656  	0.0018432  	0.00137849  	
0  	0  	0  	
0  	0  	0  	
-0.00160526  	-0.00124312  	-0.00277782  	
0.000150897  	-0.00372711  	0.000946101  	
0  	0  	0  	
0  	0  	0  	
0.00122016  	2.16766e-05  	0.000816856  	
0.00124923  	-0.00315872  	0.000336132  	
0  	0  	0  	
0  	0  	0  	
0.000373085  	0.000800283  	-0.00039634  	
0.00118427  	0.000416911  	0.000762022  	
0  	0  	0  	
0  	0  	0  	
0.000151297  	-0.0031274  	0.000745106  	
-0.0018858  	0.00187417  	-0.00308695  	
0  	0  	0  	
0  	0  	0  	
-0.00124332  	0.00180391  	-0.00100712  	
-0.00106835  	-0.000653771  	0.000794831  	
0  	0  	0  	
0  	0  	0  	
-0.00130919  	0.00232797  	-0.00382168  	
0.00179947  	-0.00152555  	-0.00209412  	
0.000483237  	-0.0020501  	0.00098861  	
0.00381328  	-0.00332872  	-0.000828424  	
0.000667993  	-0.000918488  	-0.000369624  	
0.00129632  	-0.000422988  	0.000928921  	
-0.00167723  	-0.00140067  	0.0022749  	
-0.00175635  	0.00344385  	0.000420474  	
-0.000324301  	0.00270885  	0.00145983  	
-0.00258984  	-0.000959862  	-0.00124187  	
-0.000407521  	-0.00127099  	0.00190995  	
0.00265645  	0.00130541  	0.00352822  	
0.000256871  	0.000312829  	0.00329866  	
0.00224359  	-0.000714208  	-0.00143498  	
0.000717003  	0.0033714  	0.000102898  	
0.00196311  	-0.00317249  	0.00088077  	
-0.00081083  	-0.00248005  	0.0016496  	
0.00226758  	-0.00398419  	-0.0023042  	
0.000609429  	0.00208112  	-0.00304495  	
0.000974267  	0.000769321  	0.00134293  	
-0.000759592  	0.00196643  	0.00119074  	
7.18708e-05  	0.00344714  	-0.00376926  	
0.00138106  	0.00156293  	-0.00107337  	
-0.00137788  	-0.001757  	0.00123316  	
0.00385956  	-0.0026263  	-0.00388325  	
-0.00112575  	0.000655326  	-0.00238008  	
0.00248591  	0.00133745  	-0.00117015  	
-8.7964e-05  	-0.000846089  	-0.00107247  	
-0.00274021  	-0.000588914  	0.00226346  	
-0.000383619  	0.00128902  	-0.00148308  	
-0.000163489  	0.00172363  	0.000475305  	
-0.000670903  	-0.00242702  	-0.000810335  	
-0.0036598  	0.00116169  	0.00324007  	
-0.000242539  	0.000574073  	-0.00323832  	
0.00370587  	0.000342411  	0.00241191  	
-0.0031056  	-0.000158029  	-0.00130122  	
-0.000968084  	-0.0039508  	-0.000380587  	
-0.000744771  	-0.00236354  	0.00291401  	
0.00311569  	-0.00268489  	-0.000648666  	
-0.000588094  	0.000789705  	0.00183473  	
-0.0023878  	0.0015163  	0.000604523  	
-0.00205017  	0.00112423  	-0.00100717  	
-0.000235276  	0.00212715  	0.00134809  	
0.00137479  	0.000188618  	0.00135892  	
0.000907982  	-0.000493168  	-0.00164406  	
-0.00110441  	-0.00222922  	0.00174026  	
0.00224565  	0.0033744  	-0.000124552  	
0.00444791  	-0.00256673  	0.00135208  	
0.00336441  	0.00207054  	0.00197289  	
-0.000995599  	-0.0026227  	0.00100481  	
0.00199358  	-0.00230289  	0.00132406  	
8.76755e-05  	-0.00213628  	-0.000345711  	
0.00209774  	0.00543193  	-0.00330802  	
-0.00122369  	-0.000998284  	-0.000445621  	
0.00201707  	0.00145838  	-0.000288977  	
0.00325121  	-0.000389576  	-0.000862114  	
0.000835342  	-0.000541607  	-0.00160169  	
0.000464958  	0.00426371  	0.000958615  	
-0.000357316  	0.000469342  	0.00127573  	
-0.000341955  	-0.00160832  	0.000996005  	
0.00131122  	-0.00449643  	-0.00200749  	
0.00100369  	0.000155477  	0.00255145  	
0.00152447  	0.000280795  	0.000953913  	
-0.00110518  	0.000923533  	-0.00400827  	
-0.000164316  	-0.00192493  	-0.000489309  	
-0.00201416  	-0.00212153  	-0.00195368  	
-0.00425021  	0.000292038  	6.49568e-05  	
-0.00142561  	-0.00222207  	0.00112152  	
0.000217886  	-0.0019217  	-0.000842975  	
-0.00156234  	0.0029527  	-0.00226517  	
0.00102882  	0.00255175  	-0.000494098  	
-0.000502964  	0.000854  	0.00445906  	
0.000126123  	-0.00097936  	0.000430462  	
0.00235255  	0.00193892  	0.00131162  	
-0.00171754  	0.0025208  	-0.000607398  	
0.00194304  	0.00306154  	-0.00155731  	
-0.00420294  	0.00101481  	0.00248054  	
0.00247904  	-0.000742283  	-0.000125489  	
-0.000978298  	0.00224412  	-0.00100071  	
0.00124774  	0.00120355  	-0.000855968  	
0.00125366  	0.0017763  	0.000174749  	
0.000770149  	-0.00161006  	-0.0016208  	
0.00172827  	-0.00153318  	0.00259769  	
-0.000682739  	-0.0029389  	-0.00152656  	
0.000402361  	-0.00257604  	-0.00091265  	
-0.00198779  	-0.000424628  	0.00351945  	
-0.00077187  	0.00136698  	-0.000446178  	
-0.00228241  	-0.000441786  	0.000787334  	
0.00298127  	0.00302399  	-0.000170548  	
-0.00153039  	0.000374303  	0.00104996  	
-0.0017874  	0.00303062  	-0.00473997  	
-0.000439515  	-0.00227546  	-0.00335871  	
0.00194492  	0.000966085  	-0.00206257  	
0.00198401  	0.00156249  	-0.00016331  	
-0.00230369  	0.000687548  	-0.00471389  	
0.00201274  	-0.000269032  	0.00102847  	
0.000181092  	0.000517906  	-0.00109897  	
-0.00200884  	-0.00319129  	0.00354381  	
-0.00140401  	0.000305258  	-0.00321339  	
-0.000219093  	-0.00161239  	0.00160148  	
-0.000459516  	0.00325209  	0.000698217  	
-0.000660439  	-0.00238609  	-0.000277295  	
0.000381148  	-0.00184806  	-0.000643761  	
0.000738583  	-0.00160605  	-0.00450445  	
0.0025614  	-0.0043758  	4.91543e-05  	
-0.00162416  	0.00143628  	0.00131806  	
-0.00167285  	0.00130385  	-0.000672776  	
-0.00227658  	-0.00245421  	0.000759747  	
0.00124639  	0.000525787  	1.3289e-05  	
0.00241865  	-0.00100701  	-0.000101237  	
-0.000658755  	-0.000282579  	0.00375708  	
0.00193842  	0.00391103  	0.00431728  	
0.00206329  	-0.00241001  	-0.00558554  	
0.00176406  	-0.000694223  	-0.00206482  	
0.000497513  	-0.00146971  	0.00300346  	
-0.00310573  	-0.00588962  	-0.00155168  	
0.000119549  	0.00265049  	0.00340256  	
0.000793781  	0.000785679  	0.000443011  	
-0.00471039  	-0.00128921  	-0.000503044  	
0.00224235  	-0.00156535  	0.00200951  	
0.00211597  	0.00393857  	-0.00281004  	
0.00140326  	-0.000103026  	-0.00210953  	
0.000607254  	-0.00329364  	-0.00274213  	
-1.17903e-05  	-0.00148224  	0.00218982  	
0.000563287  	0.00192279  	-0.00427785  	
0.00226279  	0.000137931  	0.000788351  	
-4.10392e-06  	-0.00109204  	-0.000484288  	
0.00216648  	0.000305575  	-0.00108877  	
0.000477995  	-0.0026407  	-0.00141472  	
-0.000418898  	-0.00048122  	0.00035537  	
0.000664796  	0.00137137  	0.00292148  	
0.00107101  	-0.00196073  	0.00192915  	
0.00132635  	-0.00179035  	-0.000468418  	
0.00110158  	-0.00260816  	-0.00218327  	
-0.00182351  	0.00183132  	-0.00135041  	
0.000149264  	-0.000253928  	-0.000140518  	
-0.000397199  	0.000224921  	0.000192897  	
0.00039064  	-0.00311682  	0.00086499  	
0.00343515  	-0.00116781  	6.32527e-05  	
0.00289569  	0.000169063  	0.000707518  	
0.00161132  	0.000494625  	0.000641361  	
-0.000128982  	0.000382582  	-0.0014226  	
0.00101744  	0.00287975  	0.00141573  	
0.00325539  	-0.000343533  	-0.000205598  	
-0.000534802  	-0.000286227  	-0.00460917  	
0.000291127  	-0.000857655  	-0.00308537  	
-0.000143683  	-0.000269483  	-0.00027053  	
0.00218118  	0.00278549  	-0.000309071  	
0.00235379  	0.00383788  	0.00386862  	
-0.00101142  	-0.00230288  	-0.00281826  	
-0.00171949  	-5.55377e-05  	-0.00197798  	
0.000888842  	-0.000928032  	-0.00434681  	
-1.54449e-05  	9.7121e-05  	0.00117619  	
0.00209305  	0.00251678  	0.00379808  	
0.00125887  	0.00232554  	0.000210576  	
0.00104605  	0.00300868  	-0.00408368  	
0.000604772  	0.00192877  	-0.00265034  	
-0.00538869  	-0.00223955  	0.00186311  	
0.00212956  	-0.00149994  	0.00190111  	
0.000437534  	-0.000986135  	0.000643766  	
0.00128532  	-0.00143223  	-0.00110072  	
0.00176993  	0.00218362  	-0.000619744  	
0.000131748  	0.000730349  	-0.00112073  	
-0.000999424  	-0.000637663  	0.00158504  	
0.000969591  	0.000327479  	0.00300113  	
-0.00273704  	0.000201742  	-0.000822125  	
-0.000651297  	0.00287074  	0.00114537  	
-0.00012176  	0.000732208  	-0.00150867  	
-0.00126579  	0.000567928  	-0.00280995  	
0.00222415  	0.00164111  	-0.00261211  	
-0.0017933  	0.00143757  	7.01463e-05  	
0.00128831  	0.000887995  	-0.00266501  	
0.00106845  	-0.00182792  	0.00276655  	
-2.70222e-05  	-0.00212165  	-0.00150444  	
0.000610472  	-0.00159293  	-0.000489268  	
0.00153809  	-0.00121087  	-0.00599538  	
-0.00100274  	-0.00192964  	-0.000297821  	
0.000578544  	-0.000914858  	0.00372575  	
-0.00060402  	-0.00373638  	0.00143806  	
-0.00266982  	-0.000486375  	0.000902618  	
0.000473086  	-0.00144429  	-0.00166566  	
0.0019451  	0.000339741  	-0.00358451  	
0.0039871  	-1.51428e-05  	0.00218306  	
-0.0048284  	6.04771e-05  	-0.00245687  	
-0.00483434  	0.00147343  	0.000497033  	
0.000134052  	-0.000912714  	-0.00169903  	
-0.00161256  	-0.00369863  	0.000340212  	
-0.00194634  	0.00234425  	0.000806608  	
-0.000923863  	0.00288909  	0.000988732  	
-0.00187966  	0.00027203  	0.00561295  	
-0.000238158  	0.0004091  	-0.00113928  	
-0.000645247  	-0.000312723  	0.00114702  	
-0.00364055  	0.000538592  	-0.00130991  	
-0.00218861  	-0.000953373  	0.00135672  	
-0.000158126  	-0.00199562  	-0.00232643  	
0.000538709  	0.00280155  	-0.00444977  	
-0.00247114  	0.00178679  	0.00127354  	
-0.00138607  	0.00262991  	-0.000710554  	
0.000111023  	0.0015621  	0.00377264  	
0.000611172  	0.00238285  	0.000696352  	
-0.000779369  	0.00119192  	0.000532198  	
0.000128801  	0.000200414  	-0.000443511  	
-0.0044742  	0.00481758  	-0.000672735  	
0.00246517  	0.00104541  	0.000490885  	
-0.0047988  	-0.000866607  	-0.000846303  	
-0.00251055  	-0.00422071  	-0.00203714  	
0.00174979  	0.000657813  	-4.08886e-05  	
-0.0024316  	0.00049963  	-0.000961579  	
-0.00197519  	-0.00298558  	0.00263655  	
0.000246891  	-0.00224458  	-0.00228197  	
0.0023815  	-0.0014421  	-0.00199504  	
0.0029546  	-0.000110194  	0.00183808  	
-0.00356015  	0.00277302  	0.00228493  	
-0.00262565  	-0.00133232  	-0.00230508  	
-0.00135333  	0.00135871  	-0.00243195  	
-0.00121206  	-0.00172124  	-7.63978e-05  	
-0.000780573  	0.00287055  	0.00387158  	
0.000186472  	-0.00231254  	0.00154189  	
0.00241028  	0.00326523  	0.00264269  	
0.00178316  	0.00233859  	-0.000830601  	
0.000771488  	0.00357879  	0.00096342  	
0.0056782  	-0.00150256  	0.00334705  	
-0.000304905  	-0.000442893  	0.00118606  	
-3.81682e-05  	-0.00245855  	0.000626414  	
0.00120253  	0.00416834  	-0.00103658  	
0.000743908  	2.66362e-05  	0.000992372  	
0.00297011  	-0.00138958  	0.000777322  	
0.00199084  	0.00424392  	0.000420196  	
0.00471341  	-0.00162928  	-0.00343121  	
-0.00145347  	-0.00312312  	-0.00298818  	
0.00206822  	-0.00024734  	-4.846e-05  	
0.00104848  	0.00110086  	0.00133856  	
-0.00436002  	0.000296023  	8.34574e-06  	
0.00268257  	-0.00186756  	0.00256854  	
-0.00211317  	-0.000578117  	-0.00228135  	
-0.000458604  	0.00123843  	-0.00415256  	
0.000340648  	-0.0034467  	0.00218402  	
0.000778362  	0.000276572  	0.000500372  	
-0.0017165  	0.00191924  	-0.00048117  	
0.00489597  	0.00137182  	0.0023039  	
0.000167458  	-0.000465883  	0.00314714  	
-0.00140607  	-0.000739717  	0.00321211  	
-0.00150425  	0.000975658  	0.00215533  	
0.00139702  	0.000276948  	-0.000543725  	
-0.0037424  	0.00211453  	-0.000262576  	
-0.00286711  	0.0022613  	-0.000174202  	
-0.00156795  	0.00185071  	0.000227354  	
0.00344426  	0.000255547  	0.000613446  	
-0.00234764  	0.000541225  	0.00226255  	
-0.000265531  	-0.00254819  	0.0012088  	
0.000526341  	-0.000543777  	0.00490268  	
-0.000770266  	0.00166013  	0.000798281  	
-0.00110344  	0.00126095  	-0.000429101  	
-0.000150429  	0.00055373  	0.000562395  	
-0.00110137  	-0.000253492  	0.0015675  	
-0.000525963  	0.00195099  	0.00309814  	
0.00120307  	0.00200564  	-0.00174287  	
0.00404399  	0.00152618  	-0.00643961  	
0.00127757  	-0.00291553  	-0.000711587  	
-0.00255265  	-0.00175452  	0.0010409  	
-0.00336151  	0.00210401  	-0.000538874  	
0.00105968  	-0.00243923  	-0.00192415  	
0.000326108  	0.00361872  	-0.00141384  	
0.00250587  	-0.00443411  	0.00245376  	
-0.000754961  	0.000268206  	0.0022128  	
-0.00290451  	-0.00252322  	-0.000483347  	
0.00209892  	0.000420299  	0.000285314  	
0.00207296  	-0.00173837  	0.00176938  	
-0.00171539  	-0.00215206  	-0.00179182  	
0.000819618  	0.000213657  	0.000828009  	
0.00153676  	0.0002411  	-0.00265674  	
0.000483863  	0.00175009  	-0.00211828  	
0.00245261  	-0.0024348  	-0.0017318  	
0.000564683  	-0.000127368  	-0.000317856  	
0.00150079  	0.00136157  	0.000558037  	
-0.000394081  	-0.00148072  	0.00103248  	
-0.00296981  	0.0028728  	0.000736108  	
-0.00145953  	5.20994e-05  	-0.00208171  	
0.000857314  	-0.0015739  	0.00294571  	
0.000633754  	-0.00200978  	-0.00432909  	
0.00097255  	0.0014499  	-0.00487307  	
0.00143291  	8.92771e-05  	-0.00403374  	
0.00140188  	-0.00226885  	-0.0032309  	
-0.00175991  	-0.000243664  	0.00281726  	
-0.00325126  	0.00158801  	0.00101028  	
0.00346935  	-0.00164732  	-0.000782142  	
0.000589585  	0.00167551  	-0.000953943  	
0.00250427  	-0.00370333  	0.000526419  	
-0.00295183  	0.000902773  	-0.000866458  	
0.0027509  	-0.00551  	0.00144579  	
0.00614496  	-0.000885904  	0.00359024  	
-0.0042065  	-8.29744e-05  	0.0040486  	
-0.00407768  	-0.000852572  	-0.00171996  	
0.000508007  	0.000185079  	0.00433692  	
-0.00471091  	-0.00136536  	-0.00342308  	
0.00188169  	0.0034381  	-0.000791493  	
-0.00198777  	0.00481585  	0.00190974  	
-0.00369675  	0.00536479  	0.00628261  	
0.00301067  	-0.000395528  	-0.000972557  	
-0.00145639  	-0.00162994  	-0.00109164  	
-0.000195824  	-0.000513163  	-0.00147974  	
-0.0010417  	-0.00345025  	0.00676916  	
-0.00484284  	-0.00577407  	0.000487784  	
-0.00735822  	0.00213674  	-0.00405421  	
-0.00480955  	-0.00763883  	0.00163083  	
0.000460452  	-0.00423567  	0.000333298  	
0.00549431  	-3.15725e-05  	0.00370763  	
0.00822935  	-0.000388508  	-0.00277864  	
-0.00826772  	-0.00180325  	0.00239373  	
0.00017131  	0.00340185  	-0.00469351  	
-0.00216228  	-0.000271959  	-0.00779954  	
0.000571318  	-0.00329361  	-0.00341176  	
0.000112268  	-0.00371463  	-0.00211981  	
0.00160043  	0.00681647  	0.00612578  	
-0.00436737  	-0.000795579  	0.00216732  	
-0.00606616  	0.00332672  	0.00192364  	
-0.00337577  	0.00312496  	-0.00596754  	
0.00378007  	0.000239121  	0.00128225  	
0.00300793  	-0.00392658  	0.00508938  	
0.00891265  	-0.00192506  	0.00399673  	
0.00328685  	0.000308126  	0.00346888  	
-0.00319062  	-0.000107401  	0.00281024  	
0.00420749  	-0.00243417  	0.00691967  	
0.000725681  	0.00336938  	-0.00569649  	
-0.000467977  	0.000494575  	0.000748556  	
0.000945382  	0.00594213  	-0.00301776  	
-0.00596573  	0.00243232  	0.000882161  	
-0.000255591  	0.00146907  	-0.00346777  	
0.00574816  	2.43072e-05  	-0.00409681  	
0.00800248  	0.00732639  	0.0041638  	
0.00107718  	0.000883263  	0.00439755  	
-0.00114806  	-0.00530372  	-0.00377961  	
0.00128079  	-0.00602428  	0.000512797  	
0.00293048  	0.00593273  	0.000843176  	
-0.00225411  	0.00717718  	0.00311438  	
-0.00129748  	0.00761672  	-0.00023482  	
0.00184886  	-0.00658539  	0.000952689  	
-0.00614321  	-0.00116384  	-0.00820007  	
0.000528069  	0.000594365  	-0.00137146  	
0.00271277  	0.00237816  	-0.00701192  	
-0.00417697  	0.00506763  	0.00183663  	
0.00437406  	0.00213296  	0.00336399  	
0.00866321  	0.00270821  	0.000279317  	
0.00330723  	0.000620514  	-0.00141573  	
0.00164251  	-0.00654056  	0.00423976  	
0.00534881  	-9.1389e-05  	0.00354135  	
-0.00094932  	0.0040021  	0.00211335  	
-0.00104463  	0.00169476  	-0.0028244  	
-0.000824416  	-0.00243149  	-0.000984662  	
0.00432164  	0.00811419  	0.00629803  	
0.00616272  	-0.00175751  	2.17104e-05  	
0.00402597  	0.000382292  	-0.0065067  	
-0.00528655  	0.00299371  	0.000800313  	
-0.00252528  	-0.00317978  	-0.00130153  	
0.0104269  	0.00203924  	-0.00230974  	
-0.00250007  	0.00148644  	0.00396096  	
0.00302182  	-0.00148321  	-0.000208416  	
0.000425322  	-0.00661687  	0.000259258  	
-0.00384189  	-0.00146642  	0.0039221  	
-0.00341745  	0.00250716  	0.00521044  	
0.00299313  	0.000352694  	0.00393069  	
-0.00376281  	-0.00608286  	0.00129721  	
0.00905599  	0.000313273  	0.000613755  	
-0.000796274  	-0.00687919  	0.00168606  	
0.000880693  	0.00288406  	-6.27957e-05  	
0.00597959  	-0.00246856  	-0.00266669  	
-0.00277074  	0.00372285  	-0.00496726  	
0.000279938  	-0.000599516  	0.00741089  	
-0.00259936  	-0.00547529  	-0.00670345  	
0.00127923  	-0.00017768  	0.00116572  	
-0.0042599  	-0.00154553  	0.00168142  	
-0.00403632  	0.00164852  	0.000823079  	
-0.00250872  	0.00224376  	0.00108128  	
0.00151369  	-0.000461233  	-0.00311008  	
0.00545145  	-0.000851915  	6.12069e-05  	
-0.00198722  	-0.000610585  	0.00443562  	
0.000870379  	-0.0050148  	-0.00019088  	
0.00657293  	0.00390813  	-0.00286324  	
-0.00315175  	-0.000854194  	0.000515514  	
-0.005399  	-0.00384763  	-0.00183667  	
0.00240526  	0.00449491  	0.0114791  	
-0.00067438  	0.00515309  	0.00323631  	
0.00214021  	-0.000724361  	-0.00475096  	
-0.00162458  	0.00309073  	-0.00229725  	
-0.00709296  	0.0110805  	-0.00481074  	
-0.00148694  	0.00318283  	-0.00236865  	
0.00116036  	0.00554354  	-0.00586051  	
0.00122675  	0.0039002  	0.00420545  	
0.00785939  	0.0067549  	-0.0015296  	
-0.00215969  	0.00788222  	-0.00316852  	
0.00635856  	-0.00314893  	0.000670097  	
0.000144561  	0.00524087  	0.00286412  	
0.00820205  	0.00586759  	1.79507e-05  	
0.00337208  	0.00476295  	-0.000313279  	
-0.00459835  	-0.00560839  	-0.00374581  	
-0.00185393  	-0.00282117  	0.00394981  	
-7.44147e-05  	-0.001716  	0.00536005  	
0.00436985  	-0.00309871  	-0.00323883  	
0.00473535  	-0.00158879  	-0.00225391  	
-0.00553288  	0.00394586  	-0.000997237  	
-0.00678916  	-0.00697376  	-0.00393457  	
0.00216502  	-0.00108316  	-0.00259045  	
0.00191509  	-0.00382804  	0.00437366  	
0.00413979  	0.00261052  	0.00385885  	
0.00141798  	0.00137966  	0.00842807  	
0.00109404  	0.0072385  	-0.00254927  	
0.00587823  	0.00294066  	0.00317806  	
-0.000397572  	0.00339368  	-0.00169707  	
0.000936126  	0.00158261  	0.00040676  	
0.00105375  	0.00928257  	0.00310527  	
2.53852e-05  	0.00138999  	0.000356077  	
0.0068541  	0.00362632  	0.000993283  	
0.000357702  	0.00279874  	-0.004717  	
0.00776859  	-0.00171935  	0.00186319  	
0.00125746  	0.000728743  	0.00424521  	
-0.00767027  	0.0026394  	0.0035985  	
-0.00135877  	0.00566696  	-0.00910347  	
0.00888692  	-0.00743488  	0.00963081  	
0.00999781  	-0.00389345  	-0.0032307  	
0.000620403  	0.00169665  	-0.001882  	
-0.000748278  	0.00164853  	0.0022042  	
-0.000142735  	-0.00338037  	-0.0094757  	
-0.00142357  	0.00238202  	-0.00190013  	
0.00215579  	-0.00193758  	0.00496089  	
0.00688918  	-0.000728129  	0.00409631  	
0.00366523  	-0.000117227  	0.00526006  	
-0.00375094  	-0.001944  	0.000655645  	
0.0018057  	-0.00696091  	-0.00011012  	
-0.00329842  	0.00511501  	-0.000585408  	
0.00435344  	0.000873117  	-0.00149664  	
-0.00402003  	0.000523541  	-0.00134777  	
-0.00216191  	-0.00118695  	-0.00223957  	
-0.00454337  	-0.00122973  	-0.000328873  	
0.0068042  	-0.000541899  	0.00107328  	
-0.000372755  	-0.00140615  	0.0041218  	
0.00368135  	0.00338709  	0.00503069  	
0.00136797  	-0.00313934  	0.00483404  	
0.00799618  	-0.000719749  	-0.00287257  	
-0.00261142  	-0.00498627  	0.00565273  	
0.000348583  	-0.00260141  	0.000794901  	
0.00300992  	-0.00196164  	-0.0013295  	
-0.00134621  	-0.00167688  	-0.00256451  	
-0.00754816  	0.00668028  	-0.0016712  	
-0.0111837  	-0.000940761  	-0.00132863  	
-0.0033929  	-0.00839573  	-0.000799671  	
-0.00195352  	0.000630715  	-0.000678072  	
0.00189395  	-0.00348306  	-0.00404663  	
-0.000484648  	-0.00141538  	0.00137096  	
0.00602204  	0.0042869  	-0.00301057  	
-0.00015393  	-0.000974666  	-0.00344174  	
0.00152161  	-0.00371233  	-0.0007989  	
0.00450515  	-0.00386172  	-0.00140939  	
-0.00542028  	-0.00378494  	-0.000374715  	
0.00767814  	-0.00204539  	0.00178531  	
-0.00355492  	-0.00199935  	-0.000229559  	
0.00187833  	0.00238239  	0.00171095  	
-0.000525603  	-0.00235443  	-0.00136884  	
0.00508805  	0.00337639  	0.0059846  	
0.00378402  	-0.00826284  	-0.000824982  	
-0.0010788  	0.0016838  	-0.00803615  	
-0.000288074  	0.00270071  	0.000862665  	
-0.00543916  	-0.00204006  	0.00623977  	
-0.000912535  	-0.0060201  	0.00314242  	
-0.00904797  	-0.0015275  	0.00235834  	
0.00032055  	0.00358869  	-0.0034777  	
-0.002387  	-0.000715569  	-0.00144303  	
0.000919878  	-0.00388029  	0.00524839  	
0.000784765  	0.00456515  	-0.00215962  	
-0.000713469  	0.00246766  	-0.00179432  	
0.00117812  	0.00356886  	0.0020636  	
0.00500282  	0.00268275  	0.000912986  	
0.00229238  	-0.00467823  	-0.0012092  	
-0.0012157  	0.00372039  	0.000884076  	
-0.000218469  	0.0013572  	-0.00429557  	
0.00417776  	0.00299718  	-0.0013304  	
0.00018221  	-0.00244694  	0.000645565  	
-0.00123781  	-0.00549705  	-0.000405492  	
-0.00256552  	-0.00315958  	-0.00240363  	
0.0038447  	-0.00186085  	0.00318286  	
-0.00699945  	-0.00714412  	0.00131523  	
-0.0075326  	-0.00233131  	0.000192166  	
-0.000584184  	-0.00115464  	-0.003314  	
0.00204659  	0.00216898  	0.00728168  	
0.000617953  	-0.0038817  	0.00336301  	
0.00182832  	0.00129117  	-0.00150179  	
0.00744112  	-0.00174349  	-0.0035053  	
0.00906497  	0.000379235  	0.00254369  	
0.0010694  	0.00647613  	-0.00596408  	
-0.00250163  	0.00472199  	0.00218693  	
0.000357734  	-0.00161738  	0.00272884  	
-0.000414265  	0.00105376  	0.00693302  	
0.00100772  	-0.00347924  	-0.00351027  	
-0.00580102  	-0.00723698  	0.00329506  	
0.00542114  	-0.00345351  	0.000196442  	
0.00429014  	0.00272711  	0.00615399  	
0.00651894  	0.00313109  	-0.00117626  	
0.000130307  	0.00576066  	0.00626614  	
0.00367822  	-0.00413766  	0.00347884  	
0.000908925  	0.00190137  	-0.000507622  	
0.00331578  	0.00042595  	0.00509443  	
0.00502407  	-0.000900006  	0.000576361  	
0.00398628  	-0.0010298  	0.0118502  	
0.00318472  	-0.000171032  	0.00534  	
0.00507649  	0.00312051  	0.00112819  	
-0.00300838  	-0.00125849  	0.00265411  	
-0.000660854  	-0.000977694  	0.00418074  	
0.00328394  	0.00516028  	-0.000903838  	
0.00465784  	0.00907032  	0.00815774  	
0.000665709  	-0.00100418  	-0.000388741  	
-0.00454951  	0.00352812  	0.00798893  	
0.00169226  	0.00166749  	0.0029782  	
0.0015897  	0.00370373  	0.00118878  	
0.00152535  	0.00137376  	0.00359479  	
-0.000935488  	0.000107871  	-0.00631646  	
4.15556e-05  	0.00927626  	-0.00014402  	
-0.00308476  	0.00159711  	-0.0046562  	
0.00654864  	0.00178905  	0.00139834  	
0.00574473  	0.00359165  	-0.00156814  	
-0.00575042  	-0.00414129  	-0.00512583  	
0.00427757  	0.00252585  	0.000399047  	
0.00140399  	0.00658718  	0.00226061  	
-0.00426606  	-0.00579118  	-0.000522903  	
0.000336779  	0.00463117  	-0.00386106  	
-0.00113584  	0.00107872  	-0.00439769  	
0.00751989  	-0.000858693  	0.00027374  	
0.000125391  	0.0118844  	0.00430002  	
0.0026451  	0.0033877  	0.00288663  	
-0.00718279  	0.00101865  	-0.00702596  	
-0.00333625  	-0.00267582  	0.0042305  	
-0.00358633  	-0.00408187  	0.00401545  	
-0.00440969  	0.00508277  	-0.00153592  	
0.00263966  	0.000303175  	-0.0069519  	
-0.00700889  	0.00503416  	-0.00214219  	
0.00140925  	0.00460677  	-0.000385442  	
-0.00173574  	0.000161868  	0.00199544  	
0.000988261  	-0.00647397  	0.000582819  	
-0.00218922  	0.00206334  	-0.00246759  	
0.000994082  	-0.00112948  	-0.00176949  	
0.00859217  	4.34206e-05  	-0.00518466  	
0.00487727  	-0.00619158  	0.000478199  	
0.00821144  	0.000763055  	0.00112109  	
0.00328018  	0.00211569  	0.000569342  	
-0.00435919  	0.0106125  	0.00307001  	
0.000865654  	-0.00121086  	-0.00372644  	
-0.00149725  	-0.00143409  	-0.000328209  	
0.00373713  	-0.000773187  	0.00376105  	
0.00557552  	0.00261127  	-0.00286242  	
0.00629791  	0.00285167  	0.00200264  	
0.000670617  	-0.00522984  	-0.00357361  	
-0.00287121  	-0.00532934  	0.00141611  	
-0.00271828  	-0.00335206  	-0.00294354  	
0.00314966  	0.00376574  	0.000340495  	
-0.00607398  	-1.92844e-05  	0.00051261  	
-0.00124657  	0.00745097  	0.00105862  	
-0.00190474  	0.00149635  	-0.00071347  	
0.00471051  	-0.000194135  	0.00479249  	
-0.00110437  	0.00407734  	-0.00218386  	
0.00358835  	-0.00334185  	-0.00084214  	
-0.00552283  	0.00608455  	-0.00557943  	
-0.00202058  	-0.00277086  	0.00222635  	
0.00434902  	-0.00745404  	0.000484281  	
-0.00521178  	-0.00302225  	0.000507928  	
0.00597538  	0.00604485  	0.000970523  	
-0.00351435  	0.0065786  	0.00156273  	
-0.00239685  	-0.00137627  	-0.002656  	
0.000557754  	0.00307636  	-0.00526045  	
0.00446292  	-0.0035808  	0.00202784  	
0.00264219  	-0.00255139  	0.00507306  	
0.00287701  	0.000107565  	0.00234354  	
0.00330563  	-0.00294948  	-0.00250461  	
0.00353216  	-0.000629725  	-0.00169722  	
-0.0031071  	0.00339889  	0.00919871  	
-0.0053831  	0.00115724  	-0.00690881  	
0.00515374  	0.000866283  	0.00295523  	
-0.00132988  	0.00129935  	-0.000184465  	
-0.00741101  	0.00181452  	-0.00096205  	
0.00424227  	-0.00102777  	-0.000494098  	
0.000693108  	-0.00401388  	-0.00508828  	
0.00271826  	0.00320145  	-0.000576015  	
0.00540723  	0.00254521  	0.00132019  	
-0.00601339  	0.000484094  	-0.00256301  	
0.000966955  	0.00131924  	0.00333304  	
-0.00522298  	-0.00217839  	0.0100116  	
0.00351467  	0.0108987  	0.000188686  	
-0.0030759  	-0.00628283  	-0.00170219  	
-0.00317293  	-0.000438407  	0.00361647  	
-0.00334018  	0.00227843  	0.00202313  	
-0.000346944  	0.00176958  	-0.00134245  	
-0.00490499  	0.000520959  	0.00236778  	
0.00259184  	0.00371328  	-0.00920498  	
0.00347464  	-0.00157203  	-0.000240507  	
0.00321834  	0.00230691  	0.00556305  	
0.00185708  	-0.00430775  	-0.000917667  	
0.000534817  	-0.00501998  	-0.000830854  	
0.00278273  	-0.00173627  	0.0010824  	
-0.00592748  	0.00235639  	0.00186777  	
0.0115041  	-0.000272385  	-0.000583728  	
0.00992361  	0.00234676  	0.00651937  	
0.000643095  	-0.00104022  	-0.00262557  	
-0.00948521  	0.000322966  	-0.00179509  	
0.00473096  	-0.000410462  	0.0030006  	
0.000211664  	0.00223569  	-0.00194278  	
-0.000488562  	-0.00205379  	-0.000635884  	
0.00365264  	0.00383751  	-0.00256176  	
0.00562265  	0.00261129  	0.00123709  	
0.00152992  	-0.000346058  	-0.00120628  	
0.00886401  	0.000480905  	0.00519644  	
-0.00133155  	0.002123  	-0.00763997  	
0.00831112  	-0.000443238  	0.0044333  	
-0.00535874  	0.000330464  	-0.00311557  	
0.000333963  	-0.00365545  	9.9454e-05  	
0.000567439  	0.00500153  	0.000631418  	
-0.00113388  	0.00361139  	0.000543425  	
-0.00455709  	0.0021303  	0.00336608  	
-0.00306546  	-0.00496114  	0.00247458  	
-0.00655566  	0.00128424  	0.000134656  	
-0.00532325  	0.00106515  	-0.00272854  	
0.00370571  	0.00177271  	-0.00243182  	
-0.00180432  	-0.00197055  	0.00247717  	
-0.00166998  	0.00490143  	-0.0067011  	
0.0101347  	-0.00626498  	0.00267452  	
0.00635079  	-0.00665276  	-0.00861273  	
-0.000355456  	0.00268681  	-0.00461155  	
0.00607359  	0.00678832  	0.0016569  	
-0.00252368  	-0.00245225  	-0.000887548  	
0.00184303  	-0.00554287  	-0.00360666  	
0.00823175  	-0.00228723  	-0.00873338  	
-0.00458193  	0.00138006  	0.00106637  	
-0.00441683  	0.00486097  	0.000704933  	
0.00294206  	-0.00977927  	0.00826065  	
0.00315909  	0.00124427  	-0.000305078  	
-0.00212009  	0.00667796  	-0.00167779  	
0.00597413  	0.00255448  	0.00144636  	
0.00639033  	0.000200519  	0.00359699  	
0.00357039  	0.00174269  	-0.00540149  	
-0.00317061  	-0.00524516  	-0.00321667  	
0.00398815  	0.00339846  	0.000629081  	
-0.000890128  	-0.00158601  	-0.00600704  	
-0.00225987  	0.00123662  	0.00171236  	
0.00643662  	-0.00709679  	-0.00366545  	
0.000449201  	0.00120673  	-0.00216  	
-0.0042503  	0.00353758  	-0.00199618  	
0.00481576  	0.00300193  	-0.0065108  	
0.00442718  	-0.00621148  	0.00193078  	
0.00170814  	0.00883617  	0.0105311  	
0.00405836  	0.00517542  	-0.00176822  	
-0.00263954  	0.000750121  	0.00453349  	
0.00281683  	-0.00400101  	0.00442747  	
-0.00624815  	0.00235572  	-0.00032136  	
-0.00193935  	0.000938886  	-0.00181689  	
0.00169359  	0.00111197  	0.00324205  	
-0.00721217  	-0.0007832  	0.00465822  	
-0.00361872  	-0.00593899  	0.00237009  	
-0.00513595  	0.0108861  	-0.000898721  	
0.00409882  	0.00396592  	0.00398042  	
-0.00279212  	0.00103697  	-0.00316477  	
0.00387698  	0.000783772  	-0.00344188  	
0.00738249  	0.00539142  	-0.00604285  	
0.00505762  	0.00804965  	-0.0018124  	
-0.00402497  	0.00410512  	0.00486097  	
0.00208607  	0.000355243  	-0.00111348  	
0.00181336  	-0.000246691  	0.00529557  	
0.00178281  	0.00360173  	0.00214307  	
-0.00403918  	0.00214931  	-0.000400739  	
0.00170509  	0.00346263  	0.000475734  	
-0.00351795  	0.000514848  	0.000159219  	
-0.00596573  	0.000926885  	0.00302742  	
0.000280171  	-0.00522254  	0.00329365  	
0.00358264  	0.00410699  	0.00374375  	
0.0025102  	0.00362329  	-0.00042849  	
0.0052216  	-0.00450093  	-0.00737887  	
0.00277998  	-0.00487232  	0.00638846  	
-0.00121414  	0.000220847  	0.00124203  	
0.0052103  	0.0082272  	-0.00101098  	
-0.00444543  	-0.00158505  	-0.00394369  	
-0.00251148  	-0.00398763  	0.00431626  	
0.000187163  	-0.000931339  	0.0054275  	
-0.00181222  	0.0035729  	0.000882807  	
-0.00149477  	-0.000984518  	-0.00377378  	
0.00217792  	0.00308169  	0.00154257  	
-0.00149844  	0.00215683  	0.00452229  	
-0.000990113  	0.00240631  	0.00826095  	
-0.00392418  	0.0041812  	-0.00235906  	
-0.00192414  	-0.00318645  	-0.00291854  	
0.00436631  	-0.00342864  	0.000144829  	
-0.000392576  	-0.000855792  	-0.00390809  	
0.000320297  	-0.00314443  	0.00317541  	
0.00090758  	0.00375114  	0.00888753  	
0.00230269  	0.00142649  	-0.00230063  	
-0.0035983  	0.00164152  	-0.000917704  	
-0.00554397  	-0.00806398  	-0.000868321  	
0.00650684  	0.0030711  	-0.00164089  	
-0.0034996  	0.00437259  	0.00324754  	
0.00608763  	-0.00144835  	-0.00171486  	
0.00725881  	-0.00160571  	0.00403424  	
-0.0065376  	-0.0047948  	-0.00112945  	
-0.00154201  	0.00378401  	-0.0035637  	
0.00160025  	0.00113425  	0.00228774  	
0.00189724  	0.00232031  	0.00185772  	
0.0047874  	0.00488718  	0.0012918  	
0.00533676  	-0.00699197  	-0.000682976  	
-0.00835575  	0.00059368  	-0.000844838  	
0.00917952  	-0.00173022  	0.00141011  	
0.0031952  	-0.0010881  	0.0036949  	
-0.00377392  	0.00121908  	-0.00532727  	
-0.00658753  	0.0020815  	0.00380575  	
0.00128079  	0.0048457  	0.00182833  	
0.00210094  	-0.00326918  	0.00130688  	
-0.00101188  	-0.00336285  	0.000897574  	
0.00450257  	-0.00156086  	0.00139226  	
-0.00182671  	-0.000487555  	0.00259296  	
0.000624997  	-0.000556353  	0.00105387  	
0.000137187  	0.00735564  	-0.000900695  	
0.000845748  	-0.00893537  	-0.00305999  	
-0.0025563  	0.000949774  	-0.00347522  	
-0.00495698  	-0.00174603  	0.00113221  	
-0.000945835  	0.00292924  	-0.00170152  	
-0.000257585  	-0.00159421  	-0.00296755  	
-0.00390635  	0.00346912  	0.00252921  	
-0.00666362  	-0.00363893  	-0.00581984  	
-0.00444006  	0.00140215  	-0.00527459  	
-0.00589915  	0.00885682  	-0.00229119  	
0.00369465  	0.000648208  	-0.000198089  	
-0.00362523  	-0.00126825  	-0.00312952  	
0.00287518  	-0.00327423  	-0.00426306  	
-0.000197782  	0.000478833  	-0.00160486  	
-0.00364433  	-0.000375594  	0.00102183  	
0.0117877  	-0.00439698  	-0.000178525  	
-0.00431396  	0.00681075  	-0.00662837  	
-0.000630524  	0.000902035  	0.00306003  	
0.00523805  	0.00261013  	0.000648927  	
-0.0010226  	0.00533135  	-0.000377646  	
-0.00178315  	-0.000629273  	0.00151755  	
-0.0014089  	-0.000364518  	-0.00126681  	
0.000164008  	-0.00363701  	0.000702399  	
-0.000316298  	0.00142573  	0.00145032  	
-0.00432102  	-0.0113597  	0.000502035  	
0.00112339  	-0.00284106  	0.000686624  	
-0.00301986  	-0.00495883  	-0.00486538  	
0.000244174  	0.00435423  	-0.000178731  	
-0.00234504  	0.00342298  	-0.00133361  	
0.00335221  	0.00271876  	-0.00574361  	
0.00158517  	0.00350474  	-0.00572907  	
0.000630885  	0.00677405  	0.00377608  	
-0.00446716  	0.00371614  	0.000328538  	
-0.001392  	-0.00939607  	8.99531e-05  	
0.0073445  	-0.00229596  	-0.00113164  	
-0.00197425  	0.00560468  	0.000839701  	
0.00635951  	-0.00498798  	0.0115271  	
-0.00230892  	-0.00257895  	0.00197953  	
-0.001038  	-0.00664477  	0.00313838  	
-0.00334865  	0.000749637  	-0.00706479  	
-0.0041015  	0.000924477  	0.00282014  	
-0.00266118  	-0.000926509  	-0.00875271  	
-0.00429241  	-0.00129838  	0.00090287  	
-0.00104381  	-0.00333179  	-0.00316762  	
-0.00751476  	0.00295979  	1.72624e-05  	
0.00673879  	0.0021457  	-0.00260933  	
0.00700016  	0.00116389  	-0.000579247  	
-0.00127242  	-0.00430095  	-0.00377519  	
-0.0054541  	-0.00207494  	-0.000155686  	
0.00149711  	-0.00254926  	0.00202528  	
0.00444421  	0.00303601  	0.000531258  	
-0.00395035  	0.00279239  	0.00482117  	
0.00232883  	-0.00181638  	-3.28718e-06  	
0.00164652  	-0.0043222  	0.00115501  	
0.0039973  	0.00460146  	0.000271185  	
-0.000865564  	-0.00499282  	0.00392793  	
0.0015169  	-0.00653085  	-0.00146203  	
0.000419882  	0.00377667  	0.00387205  	
0.00688012  	-0.00375452  	0.00136321  	
-0.00812527  	0.00396358  	-0.00750586  	
0.00114252  	0.00118759  	0.00360185  	
0.00660424  	0.00116394  	0.00416023  	
0.00121067  	-0.0047693  	0.000122172  	
0.00228585  	0.00698314  	0.00104181  	
0.00308568  	0.00946755  	-0.00966934  	
-8.64612e-05  	0.000758608  	0.00408923  	
0.000787208  	-0.0022812  	-0.000556004  	
0.00101458  	4.58589e-06  	-0.00443831  	
-0.00581294  	0.00756237  	0.00383952  	
0.00035581  	0.0025126  	-0.00337661  	
-0.00589225  	1.03121e-05  	-0.00222063  	
-0.00325584  	-0.00568154  	-0.0061868  	
0.00588474  	0.0111794  	-0.000166538  	
-0.00354096  	0.00211055  	-0.00658355  	
0.00256341  	-0.00405172  	0.00145236  	
-0.00088371  	0.00263704  	0.0032327  	
-0.00094747  	0.00270084  	0.00274786  	
8.60667e-05  	0.000181926  	-0.00196598  	
0.00326225  	-0.00292838  	0.00202819  	
0.0021541  	-0.00158299  	-0.00433998  	
-0.00195127  	0.00720049  	-0.00220255  	
0.000878623  	0.00681243  	0.005834  	
0.00471099  	-0.00257266  	-0.00176439  	
-0.0085951  	-0.00923912  	-0.000268277  	
0.00169863  	0.00321489  	0.00351815  	
-0.00571331  	0.00356072  	-0.0064599  	
-0.00319047  	-0.00329322  	0.00527046  	
0.00628327  	0.000636202  	-0.00536586  	
0.00181118  	0.00237399  	-0.00321102  	
-0.0018818  	0.00167256  	-0.00251264  	
-0.00204272  	-0.00156238  	0.0023341  	
0.00513467  	-0.00587267  	-0.000141567  	
0.000767568  	-0.00273282  	0.00372113  	
-0.000948723  	0.00388963  	0.000128995  	
-0.000308918  	-0.000323877  	0.00601617  	
0.00184432  	-0.000782902  	0.0122526  	
0.00465315  	0.000566476  	0.00138692  	
-0.0019431  	0.007472  	-0.00417878  	
-0.00137434  	-0.00249352  	0.00458791  	
